20241110
20241112
20241213
20250105
20250106
20251105124917
20251105130759
20251105192315
20251105192329
20251105192342
20251105192352
20251105192424
20251105192438
20251105192452
20251106003616
20251106015658
20251106101255
20251106145033
20251106150728
20251106205723
20251106205751
20251106214701
20251107044947
20251107160708
20251107160718
20251107160729
20251107160738
20251107160747
20251107160807
20251107160815
20251107160831
20251107160845
20251107160912
20251107160923
20251107160930
20251107182537
20251107183442
20251107183503
20251107183513
20251107184259
20251107184316
20251107185936
20251107191318
20251107191434
20251107193904
20251107193916
20251107194003
20251107223255
20251107224846
20251107225352
20251107230335
20251107231246
20251107231354
20251108124558
20251108124610
20251108125749
20251108152112
20251109063142
20251109063343
20251109063413
20251109063521
20251109063555
20251109063841
20251109063951
20251109064103
20251109064209
20251109070031
20251109070139
20251109074659
20251109074828
20251109075836
20251109083704
20251109094942
20251109103128
20251109103237
20251109132127
20251110000002
20251110071616
20251110175701
20251110205829
20251110205956
20251110210015
20251110210033
20251110210057
20251110223620
20251111000002
20251111152615
20251111162648
20251111162700
20251111185802
20251111193550
20251111193611
20251111200642
20251111210030
20251112152835
20251112152906
20251112174547
20251112181844
20251114221003
20251114222331
20251114230000
20251206161010
20251206162713
20251207072145
20251207100557
20251207163308
20251207170831
20251207170854
20251207170922
20251207171526
20251209072654
20251209091059
20251209091943
20251209201529
20251210194703
20251211074220
20251211110811
20251211122621
20251212111734
20251212114756
20251212215551
20251214093232
20251214093241
20251214093248
20251214093449
20251214093933
20251214093950
20251214213149
20251216085528
20251216142852
20251216171151
20251217012047
20260404150840
20260404150910
20260405110742
20260405111757
20260405120804
20260405140034
20260405234934
20260406075632
20260406075643
20260406092709
20260406092722
20260407083645
20260407085503
20260407165545
20260407165553
20260407184519
20260407211943
20260408110538
20260408113000
20260408180359
20260408183519
20260408193141
20260408194210
20260408225941
20260409000001
20260409000002
20260409000003
20260409000004
20260409000005
20260409000006
20260409000007
20260409000008
20260409133249
20260409151000
20260409160000
20260410000001
20260410181528
20260410185500
20260411000001
20260411000002
20260411103000
20260411120000
20260411130000
20260411131000
20260411132000
20260411133000
20260411134000
20260411135000
20260411136000
20260411140000
20260411140001
20260411153000
20260411170000
20260411171500
20260412120000
